command,mean,stddev,median,user,system,min,max,parameter_N
scripts/ava 10000 2,0.005819176160000002,0.00039013147537316455,0.00567695566,0.00442664,0.005867580000000001,0.00539258316,0.00688057216,10000
scripts/ava 20000 2,0.00781791786,0.0003604104731895946,0.007639660160000001,0.00623299,0.006020679999999998,0.00742304516,0.008690056160000001,20000
scripts/ava 30000 2,0.00984584896,0.0005615652317417055,0.00969990766,0.00818799,0.006096830000000002,0.00926801416,0.011521067159999999,30000
scripts/ava 40000 2,0.012532943010000002,0.0013026287482675889,0.01208284266,0.010382039999999999,0.006599780000000001,0.011209320160000001,0.014901571159999998,40000
scripts/ava 80000 2,0.022024181160000003,0.002187502816974331,0.02260583416,0.01924729,0.00731028,0.01915035116,0.02555716816,80000
scripts/ava 160000 2,0.03676391531000002,0.003054422763413998,0.035086530160000004,0.03164118999999999,0.010398780000000002,0.033897838160000006,0.041988539160000005,160000
scripts/ava 320000 2,0.06702008476,0.0030394456800570922,0.06557124366,0.059034589999999984,0.013971979999999998,0.06289462216000001,0.07101891716,320000
scripts/ava 640000 2,0.12488709100999999,0.0033326033912774453,0.12315149616000001,0.10953088999999996,0.02206793,0.12165337216000001,0.13033405916000002,640000
scripts/ava 1280000 2,0.24201362474333335,0.003484566463856913,0.24091542366000002,0.21658829000000002,0.03417398,0.23770520316000002,0.24747692416000003,1280000
scripts/ava 2560000 2,0.47002710396,0.002059503216209124,0.46989184866,0.41711284,0.06488648,0.46792515416,0.47432804416,2560000
scripts/ava 5120000 2,0.9111776789599999,0.003368208404964785,0.91130188166,0.8250288400000001,0.10548278,0.90647346816,0.91793255616,5120000
