command,mean,stddev,median,user,system,min,max,parameter_N
scripts/ava 10000 1,0.0037566759999999996,0.0004582180981474238,0.0035463000000000005,0.003022075,0.005160079999999999,0.0033581505,0.004901583500000001,10000
scripts/ava 20000 1,0.0036485719500000007,0.00035698358504329843,0.0035118920000000004,0.0034557000000000004,0.00453698,0.0033709285000000006,0.0046742025,20000
scripts/ava 30000 1,0.0036402112,0.00029567720514174186,0.0035075725,0.00310075,0.00491868,0.0033908295000000008,0.004440224500000001,30000
scripts/ava 40000 1,0.003705733500000001,0.00031461368553630474,0.0035553645000000003,0.00301375,0.00510653,0.0034065865000000007,0.0045805025,40000
scripts/ava 80000 1,0.0039873726499999994,0.000278069886485257,0.0038669815000000004,0.0035581499999999995,0.00488953,0.0037342945,0.0047681545,80000
scripts/ava 160000 1,0.004183110800000001,0.0002942652933163149,0.0040805505,0.00323175,0.00574938,0.0038494085000000005,0.004995319500000001,160000
scripts/ava 320000 1,0.004808593399999999,0.00022519922919516118,0.004758944,0.00308475,0.007033579999999999,0.0045246965,0.0053224185,320000
scripts/ava 640000 1,0.00597917975,0.00038778923908170234,0.005884261500000001,0.004739449999999999,0.007714330000000001,0.005495343500000001,0.0069757745,640000
scripts/ava 1280000 1,0.0081829281,0.0005203871570689005,0.008123284000000001,0.00677025,0.00983288,0.007568050500000001,0.009471040500000001,1280000
scripts/ava 2560000 1,0.012632348150000004,0.0007713701633091653,0.012729464000000003,0.00941055,0.01579403,0.0116205495,0.014363802500000002,2560000
scripts/ava 5120000 1,0.021085168,0.0013131056974961671,0.021172292000000002,0.015154850000000001,0.026640929999999997,0.019239844500000002,0.0238780055,5120000
