command,mean,stddev,median,user,system,min,max,parameter_N
scripts/avb 1000 0,0.005874162400000001,0.0006240021149346246,0.0056027428,0.00495106,0.005374329999999999,0.0053406058,0.007521856800000001,1000
scripts/avb 2000 0,0.011945227549999998,0.00088442862337544,0.0117168558,0.010734760000000001,0.005512629999999999,0.011141529800000001,0.0143979248,2000
scripts/avb 3000 0,0.023123857700000004,0.00197015112586805,0.022622059300000004,0.02126301,0.00655328,0.021132810800000002,0.0284119398,3000
scripts/avb 4000 0,0.03994410060000001,0.003215922711146565,0.03929025580000001,0.037835259999999996,0.006965029999999999,0.035888147800000006,0.0446769128,4000
scripts/avb 5000 0,0.05522531300000001,0.0031780368585387097,0.0539534948,0.05376991,0.006209929999999999,0.052318455800000004,0.06102389980000001,5000
scripts/avb 6000 0,0.07638920059999998,0.002973293474422238,0.0748342723,0.07420521,0.0070124800000000015,0.0725488088,0.0807238638,6000
scripts/avb 7000 0,0.09930352745000001,0.0019760687723739266,0.0986247713,0.09694256,0.007374580000000001,0.0974523768,0.1042457668,7000
scripts/avb 8000 0,0.12658172215000002,0.002071737340450921,0.12608321979999998,0.12408400999999998,0.007273730000000001,0.12452983880000001,0.1340201248,8000
scripts/avb 9000 0,0.1614461388,0.0037772582195998543,0.1594359448,0.1597056305882353,0.006374209411764706,0.1564626888,0.1674720198,9000
scripts/avb 10000 0,0.20968228129999997,0.017679569511631604,0.20574144730000002,0.20675987428571424,0.007024822857142858,0.1931896958,0.26754379480000007,10000
