command,mean,stddev,median,user,system,min,max,parameter_N
scripts/avb 1000 1,0.01609895553,0.0012868451749687543,0.01594011398,0.01440756,0.00634571,0.014761518480000001,0.02046121948,1000
scripts/avb 2000 1,0.04895303508,0.001422425842760895,0.04873597448,0.046692809999999994,0.007169859999999998,0.04658191248000001,0.052658426480000006,2000
scripts/avb 3000 1,0.10464050428,0.004251218997631789,0.10406368848,0.10207266,0.00700401,0.09556070048,0.11493090848,3000
scripts/avb 4000 1,0.18111581336235294,0.007218877109661984,0.17899666748,0.17751307176470585,0.007302354117647059,0.16903759748,0.19163435748000002,4000
scripts/avb 5000 1,0.27555977388,0.005736772989278725,0.27524442498,0.26945056,0.009340860000000001,0.26493053048000004,0.28549299548,5000
scripts/avb 6000 1,0.39832739238000003,0.011480397360262051,0.3978720209800001,0.38616675999999994,0.015294160000000001,0.38334040448,0.42089931748000003,6000
scripts/avb 7000 1,0.5361488672800001,0.016386594658980982,0.5276738549800001,0.5142411599999999,0.02455535999999999,0.5226444644800001,0.5710384484800001,7000
scripts/avb 8000 1,0.6918751997800001,0.0035529653742652385,0.6930678424800001,0.6567233599999999,0.037702959999999994,0.68479073448,0.6956188354800001,8000
scripts/avb 9000 1,0.89503834018,0.02661451663378019,0.8823540489800001,0.84732366,0.04851306000000001,0.8751368854800001,0.9514340124800001,9000
scripts/avb 10000 1,1.09630257488,0.006286070163300996,1.09475837998,1.02786366,0.06874416,1.0868036164800001,1.1072186804800002,10000
