command,mean,stddev,median,user,system,min,max,parameter_N
scripts/avb 1000 2,0.017939948890000005,0.0018404662796211886,0.01729605454,0.016729929999999997,0.00562195,0.016223635540000003,0.02177392754,1000
scripts/avb 2000 2,0.05842644554,0.003436771082908094,0.05705780254,0.056450230000000004,0.0065664,0.05332673054,0.06636276554000001,2000
scripts/avb 3000 2,0.12148900608999998,0.005930475932248065,0.12017998054000001,0.11800857999999999,0.0078109999999999985,0.11218826654000001,0.13587868354,3000
scripts/avb 4000 2,0.20483419354,0.011081924381195037,0.20241750954,0.20138142615384616,0.007702353846153846,0.19602368854,0.23545500954,4000
scripts/avb 5000 2,0.30979683094,0.0030298447752091645,0.31044905454000005,0.30376958,0.009846200000000001,0.30573626754,0.31359259654,5000
scripts/avb 6000 2,0.44639258854,0.004172734967358112,0.44473402304000004,0.43411747999999994,0.016066,0.44162110354,0.45446482054000004,6000
scripts/avb 7000 2,0.6106604679400001,0.00299737286580572,0.6115281155400001,0.5887994799999999,0.024632699999999997,0.6060945965400001,0.6144380915400001,7000
scripts/avb 8000 2,0.8039613156400002,0.00452969377990804,0.80495868904,0.7689487799999999,0.03703159999999999,0.7969232545400001,0.8105550905400001,8000
scripts/avb 9000 2,1.01223958874,0.010508478429089406,1.01119975804,0.9755145799999999,0.038741399999999995,1.0021026475400001,1.03948127754,9000
scripts/avb 10000 2,1.27861013234,0.035815281746363406,1.25884194054,1.2163225799999997,0.0617427,1.25416515054,1.3459085425400001,10000
