command,mean,stddev,median,user,system,min,max,parameter_N
scripts/fence 50 50 2,0.005374642390000002,0.00034448224270593853,0.0052186442400000005,0.00437466,0.0063162999999999995,0.005028416240000001,0.00631894324,50
scripts/fence 100 100 2,0.007940088639999999,0.0002818503674427638,0.00785812174,0.00658001,0.006733749999999999,0.007659296240000001,0.008642721240000002,100
scripts/fence 200 200 2,0.019522177190000004,0.001158289121430509,0.01928884224,0.017457660000000003,0.007410550000000002,0.018478043240000002,0.023677890240000003,200
scripts/fence 300 300 2,0.039454390140000004,0.002624571305512677,0.038670456740000005,0.035389760000000006,0.009840249999999998,0.03657156124,0.04476104924,300
scripts/fence 400 400 2,0.06492520719,0.0031589891557234676,0.06335103923999999,0.06022406,0.010958949999999999,0.06177144324000001,0.07031788424,400
scripts/fence 500 500 2,0.09592974804000001,0.0031820616708950057,0.09438551924,0.09038835999999999,0.01181865,0.09199121324,0.10130502124,500
scripts/fence 1000 1000 2,0.38516621494000003,0.0031296691396016083,0.38505394424000006,0.36390855999999994,0.0292408,0.38072855924000004,0.38939844224000003,1000
scripts/fence 1500 1500 2,0.88441798134,0.004583751581460696,0.88346093024,0.8409489599999999,0.053620499999999995,0.87861036824,0.8937316372400002,1500
scripts/fence 2000 2000 2,1.5143240333399999,0.0037403593743963537,1.51520775774,1.4385605599999998,0.08815979999999998,1.50611485624,1.51891937524,2000
scripts/fence 3000 3000 2,3.4554310098400003,0.00966709116733739,3.45213286074,3.2904881599999998,0.1859361,3.44314139524,3.47427713624,3000
scripts/fence 4000 4000 2,6.333938333640001,0.01472056937532906,6.33517500024,6.0599307599999985,0.305834,6.308871244240001,6.3669009592400005,4000
scripts/fence 5000 5000 2,9.996657200639998,0.044293471229797286,9.98300142174,9.56441956,0.4854743,9.948739845239999,10.087375978239999,5000
