command,mean,stddev,median,user,system,min,max,parameter_N
scripts/fence 50 50 1,0.00483071048,0.00045295050850444095,0.00464718668,0.00424514,0.005893999999999999,0.00446367518,0.006268319180000001,50
scripts/fence 100 100 1,0.00513180063,0.00024261886787380293,0.00504756718,0.00478439,0.005558249999999999,0.0048723151800000005,0.005732961180000001,100
scripts/fence 200 200 1,0.007596837180000001,0.0003410806171244564,0.007446500680000001,0.0071113899999999996,0.005857749999999998,0.00735116118,0.00869921618,200
scripts/fence 300 300 1,0.01451497758,0.0009562066806013609,0.01401663168,0.012149089999999998,0.00765305,0.013685419180000002,0.01666794218,300
scripts/fence 400 400 1,0.02639845328,0.0015245464159572492,0.02588073968,0.02494664,0.007060799999999999,0.02469678318,0.02991265618,400
scripts/fence 500 500 1,0.04801366628,0.0066358052890302935,0.04535699518,0.046038590000000004,0.008352000000000002,0.04316367318,0.06769474118,500
scripts/fence 1000 1000 1,0.28925725588000006,0.0037192341354882696,0.28804044417999997,0.28598083999999996,0.0115417,0.28488715218,0.29433595018,1000
scripts/fence 1500 1500 1,0.93398011138,0.008137536128930194,0.93097898168,0.9280313400000001,0.015976999999999998,0.92582442218,0.9508767571800001,1500
scripts/fence 2000 2000 1,2.1732865307799996,0.0065398933861476076,2.17152992868,2.1627391400000002,0.022340099999999995,2.16396091318,2.18731369718,2000
scripts/fence 3000 3000 1,7.261239142879999,0.09663901660351379,7.22996822468,7.23355064,0.039071299999999996,7.22102577518,7.53491109618,3000
scripts/fence 4000 4000 1,17.06791556838,0.033373081664106,17.06379816318,17.010878639999998,0.0649005,17.031226551179998,17.14819805318,4000
